running_reward:92698.42061603977
reward_ep_mean:133.74706441475834