running_reward:78924.96311995204
reward_ep_mean:106.45967546686725