running_reward:93198.5666892769
reward_ep_mean:133.6949047962958