running_reward:92055.53763789988
reward_ep_mean:132.81376397300943