running_reward:93151.9315669551
reward_ep_mean:133.4340400725053