running_reward:68038.84296130112
reward_ep_mean:74.17992598320144