running_reward:92645.70740700189
reward_ep_mean:133.66662410927816