running_reward:92900.60628255713
reward_ep_mean:134.61856773972127