running_reward:92869.0145258847
reward_ep_mean:130.04295363466608