running_reward:84264.59619313829
reward_ep_mean:111.72656770447504