running_reward:92487.11831738014
reward_ep_mean:132.67894165809676