running_reward:92684.03034247899
reward_ep_mean:133.52906759546312