running_reward:92273.13761349031
reward_ep_mean:132.7466893942678