running_reward:90650.02643220447
reward_ep_mean:130.21815042228576