running_reward:92695.09259728363
reward_ep_mean:133.93152187452682