running_reward:80389.7598795224
reward_ep_mean:111.77241289109791