running_reward:92067.33012452458
reward_ep_mean:133.02303522313002