running_reward:93237.92313102564
reward_ep_mean:133.18154706057766