running_reward:92464.67576542756
reward_ep_mean:131.88251696702883