running_reward:92636.34075384421
reward_ep_mean:132.88708405331795