running_reward:93078.15091452604
reward_ep_mean:133.71609337342903