running_reward:91738.13744895457
reward_ep_mean:129.91450265522