running_reward:79664.38400732855
reward_ep_mean:101.82049800176938