running_reward:92978.99300683355
reward_ep_mean:133.958901436319