running_reward:89609.17551435617
reward_ep_mean:127.07495537887343