running_reward:92182.72450751449
reward_ep_mean:131.48179265434138