running_reward:81028.74535484152
reward_ep_mean:105.73175729002284