running_reward:37631.02185077876
reward_ep_mean:13.123067569552651