running_reward:91255.82201125262
reward_ep_mean:131.26555076308077