running_reward:93456.48067190146
reward_ep_mean:133.4879482087149