running_reward:92504.34556820455
reward_ep_mean:133.6555235137319