running_reward:92636.41803163126
reward_ep_mean:130.81963906751113