running_reward:90625.03377228334
reward_ep_mean:127.25267608860027