running_reward:92917.84278704225
reward_ep_mean:131.03235568956984