running_reward:92539.46295805243
reward_ep_mean:133.51736945833397