running_reward:92769.13563800958
reward_ep_mean:132.88484060417085