running_reward:92754.0550310175
reward_ep_mean:133.43753935768524