running_reward:91580.38682515021
reward_ep_mean:130.80608781973615