running_reward:93075.38075641423
reward_ep_mean:133.9005632746874