running_reward:92902.784281244
reward_ep_mean:131.38013229292724