running_reward:88915.51813325161
reward_ep_mean:122.64549988389021