running_reward:43427.83483396066
reward_ep_mean:25.654672608900842