running_reward:92159.41196079053
reward_ep_mean:132.4043690567248