running_reward:92749.12032075076
reward_ep_mean:133.81822789830267