running_reward:93275.79504196905
reward_ep_mean:133.61177054685777