running_reward:84999.99745541839
reward_ep_mean:118.52181360304132