running_reward:92463.5946247312
reward_ep_mean:133.6081685615038