running_reward:92518.8177735314
reward_ep_mean:133.29062797130217