running_reward:58822.56990306323
reward_ep_mean:68.4697119294416