running_reward:61915.949405513704
reward_ep_mean:75.58571529318357