running_reward:40915.902869715144
reward_ep_mean:26.116268469744345