running_reward:90161.99184244408
reward_ep_mean:128.96965170192422