running_reward:92294.39457134422
reward_ep_mean:130.33588334276533