running_reward:67472.17657783504
reward_ep_mean:85.64607878386698