running_reward:87173.5328154165
reward_ep_mean:121.54347498904274