running_reward:78008.48426842857
reward_ep_mean:104.60617767714002