running_reward:85686.56155221096
reward_ep_mean:118.31208096253705